# time(days) eclipse_dt(seconds) gw_freq(hertz)
0.000000000000000000e+00 0.000000000000000000e+00 4.821699107149871044e-03
6.692008437622089190e+00 -8.792660679546315805e-03 4.821699253799245112e-03
1.963498590342045347e+01 -7.569523488655249821e-02 4.821699537433056862e-03
3.080586176857366354e+01 -1.863262640881657717e-01 4.821699782232890912e-03
4.140942148069633788e+01 -3.366709762303798925e-01 4.821700014600536002e-03
5.225729879517120935e+01 -5.361684635090568918e-01 4.821700252322229027e-03
6.363287167478054585e+01 -7.950059840140966116e-01 4.821700501607952168e-03
7.461482937987490516e+01 -1.093094356610890827e+00 4.821700742267987470e-03
8.544868321978268000e+01 -1.433567348158248933e+00 4.821700979682499999e-03
9.424151536844590282e+01 -1.743780728338606423e+00 4.821701172369822694e-03
1.047589197524705042e+02 -2.154712714991546818e+00 4.821701402849693993e-03
1.169873524247094849e+02 -2.687108340433042031e+00 4.821701670825329598e-03
1.285585910150500126e+02 -3.244961584096017759e+00 4.821701924399168608e-03
1.391575168357351515e+02 -3.802075116618652828e+00 4.821702156665645493e-03
1.503742261659727149e+02 -4.439705498316470766e+00 4.821702402470368423e-03
1.599660967117737300e+02 -5.024157524803740671e+00 4.821702612668156418e-03
1.714256296483625022e+02 -5.769774746477196459e+00 4.821702863794242490e-03
1.822345788904593462e+02 -6.520320249728683848e+00 4.821703100663373570e-03
1.950082077142221806e+02 -7.466432326782523887e+00 4.821703380586878952e-03
2.050625334917217515e+02 -8.256195898775331443e+00 4.821703600919150477e-03
2.132832089718127975e+02 -8.931423538797389483e+00 4.821703781068512051e-03
2.235753181945754022e+02 -9.814203680980426725e+00 4.821704006611681262e-03
2.311058965932585068e+02 -1.048647208108377527e+01 4.821704171638180672e-03
2.397672848276652360e+02 -1.128722551666214713e+01 4.821704361445484227e-03
2.536250426278814416e+02 -1.262965879968760419e+01 4.821704665127072784e-03
2.621752884567201249e+02 -1.349555846009025117e+01 4.821704852498850599e-03
2.711975098510825433e+02 -1.444038414992974140e+01 4.821705050213623972e-03
2.818063587703113058e+02 -1.559225499531748937e+01 4.821705282698109628e-03
2.895205366599303147e+02 -1.645758482300152536e+01 4.821705451748207333e-03
3.010061331090224712e+02 -1.778926648821652634e+01 4.821705703445995812e-03
3.114748011262054774e+02 -1.904816683909302810e+01 4.821705932858641810e-03
3.231143375653277872e+02 -2.049839278024592204e+01 4.821706187929997341e-03
3.340268413148652940e+02 -2.190635317929263692e+01 4.821706427069045314e-03
3.439892204694575639e+02 -2.323255738701845985e+01 4.821706645386887417e-03
3.534568190230681921e+02 -2.452901343458506744e+01 4.821706852862027784e-03
3.672054370559595782e+02 -2.647436534552980447e+01 4.821707154152476971e-03
3.750693020296359919e+02 -2.762042725698847789e+01 4.821707326483094629e-03
3.852541123181036937e+02 -2.914083006035070866e+01 4.821707549675495821e-03
3.980722328114070478e+02 -3.111222861425630981e+01 4.821707830574950560e-03
4.075741151431148523e+02 -3.261523713827045867e+01 4.821708038801581810e-03
4.168610230815049817e+02 -3.411850019383564359e+01 4.821708242317242731e-03
4.240142977935753947e+02 -3.529948378891276661e+01 4.821708399075943369e-03
4.365611407758777318e+02 -3.741945889596536290e+01 4.821708674030732340e-03
4.471377891123864856e+02 -3.925455893768230453e+01 4.821708905810206426e-03
4.606449565371311792e+02 -4.166198833790986100e+01 4.821709201809911208e-03
4.690268321398384614e+02 -4.319194177151075564e+01 4.821709385492624345e-03
4.748551416462612451e+02 -4.427205094143573660e+01 4.821709513215807069e-03
4.856047677821774755e+02 -4.629917323727568146e+01 4.821709748786112519e-03
4.988816461088867982e+02 -4.886550651390280109e+01 4.821710039739386146e-03
5.081450996802566351e+02 -5.069706709073216189e+01 4.821710242741370292e-03
5.182009339797004941e+02 -5.272343952383380383e+01 4.821710463107849697e-03
5.311392159562383313e+02 -5.538907189111341722e+01 4.821710746641181058e-03
5.361499086287618638e+02 -5.643906682453234680e+01 4.821710856446994806e-03
5.421439355166513678e+02 -5.770807133048947435e+01 4.821710987801900924e-03
5.471978267043708684e+02 -5.878900089883245528e+01 4.821711098554401845e-03
5.599167416654738645e+02 -6.155371343193110079e+01 4.821711377280592410e-03
5.690286473309066650e+02 -6.357342567025625613e+01 4.821711576961715609e-03
5.823772842523997042e+02 -6.659110254804545548e+01 4.821711869487935002e-03
5.927706427088733108e+02 -6.898913908771646675e+01 4.821712097251297860e-03
6.023759287817308632e+02 -7.124306079240341205e+01 4.821712307744628091e-03
6.128165631595006744e+02 -7.373409284518857021e+01 4.821712536544088372e-03
6.221255953818564421e+02 -7.599123287654947490e+01 4.821712740545284516e-03
6.309578206691309106e+02 -7.816422161231457721e+01 4.821712934097604521e-03
6.441146748407954874e+02 -8.145799935300601646e+01 4.821713222421333128e-03
6.552691686840047396e+02 -8.430373583141772542e+01 4.821713466864712729e-03
6.661415406453437527e+02 -8.712451753090135753e+01 4.821713705125621995e-03
6.768910408757390087e+02 -8.995905479787325021e+01 4.821713940693920369e-03
6.892470905749083840e+02 -9.327327693354163785e+01 4.821714211468756082e-03
7.003924792059976880e+02 -9.631419513607397676e+01 4.821714455712783863e-03
7.135199584320107533e+02 -9.995847069039882626e+01 4.821714743393113074e-03
7.202592779693737839e+02 -1.018556382306996966e+02 4.821714891081023587e-03
7.307844699913713384e+02 -1.048542337386606960e+02 4.821715121733960441e-03
7.380552606069320518e+02 -1.069510646168055246e+02 4.821715281068769676e-03
7.508248546240839687e+02 -1.106839458425383782e+02 4.821715560906447012e-03
7.594157148463087879e+02 -1.132313047364732483e+02 4.821715749169817183e-03
7.690314165838414056e+02 -1.161169221923046280e+02 4.821715959891984329e-03
7.802190390633741117e+02 -1.195199601035710657e+02 4.821716205061866989e-03
7.923826696094685076e+02 -1.232756464545673225e+02 4.821716471620419997e-03
8.013924752454609006e+02 -1.260950018422590801e+02 4.821716669064856665e-03
8.159976165526045406e+02 -1.307329713908984559e+02 4.821716989127748654e-03
8.273154537394152612e+02 -1.343846378586022183e+02 4.821717237151400617e-03
8.382348494994105295e+02 -1.379554229453788139e+02 4.821717476443491968e-03
8.456233285355318685e+02 -1.403981104464037344e+02 4.821717638357658937e-03
8.524171862324650419e+02 -1.426631294143589912e+02 4.821717787241066276e-03
8.601734083864093918e+02 -1.452711507903586607e+02 4.821717957214147893e-03
8.695320826503934768e+02 -1.484494431766506750e+02 4.821718162304060827e-03
8.811722882206011036e+02 -1.524505562003469095e+02 4.821718417392452209e-03
8.905275564029287807e+02 -1.557048273596592480e+02 4.821718622407795453e-03
9.000194251881054015e+02 -1.590417397263081511e+02 4.821718830416694621e-03
9.117647654544533680e+02 -1.632198453742603306e+02 4.821719087809183020e-03
9.236248285510411051e+02 -1.674937282597966259e+02 4.821719347715808755e-03
9.331111566579068040e+02 -1.709519723975972738e+02 4.821719555603402180e-03
9.432793728444019052e+02 -1.746980377938598394e+02 4.821719778434228887e-03
9.560097400009703961e+02 -1.794452578182244906e+02 4.821720057413228511e-03
9.648115381111493889e+02 -1.827647046135098208e+02 4.821720250299830167e-03
9.728820749695678387e+02 -1.858351040878915228e+02 4.821720427161267121e-03
9.821151112318984815e+02 -1.893791393260471523e+02 4.821720629498276248e-03
9.924643557200594159e+02 -1.933914136068779044e+02 4.821720856296423351e-03
1.003085139627198828e+03 -1.975526887305022683e+02 4.821721089045251374e-03
1.012761089396130956e+03 -2.013823323261021869e+02 4.821721301088579582e-03
1.020616929110270689e+03 -2.045186358565842966e+02 4.821721473245181057e-03
1.030037932459745889e+03 -2.083117602203856222e+02 4.821721679701552153e-03
1.043773273352167507e+03 -2.139043892238987610e+02 4.821721980704436229e-03
1.054706776169721252e+03 -2.184091477851325180e+02 4.821722220306540012e-03
1.062174116078892439e+03 -2.215127760180621408e+02 4.821722383949485560e-03
1.071142974923753854e+03 -2.252694192713533994e+02 4.821722580497481321e-03
1.078738223348516613e+03 -2.284754213258565869e+02 4.821722746943524901e-03
1.086508555218877973e+03 -2.317787692583806347e+02 4.821722917226453284e-03
1.097277604667146079e+03 -2.363961409151670523e+02 4.821723153224812160e-03
1.103373426104321879e+03 -2.390299892824259587e+02 4.821723286811725392e-03
1.114578455451830678e+03 -2.439094572429894470e+02 4.821723532364437237e-03
1.122701621021815299e+03 -2.474776886454492342e+02 4.821723710379646581e-03
1.131820303426005921e+03 -2.515140859322855249e+02 4.821723910211152091e-03
1.144978358037972384e+03 -2.573960675777925644e+02 4.821724198563593841e-03
1.154976706074260619e+03 -2.619110384206578601e+02 4.821724417672627709e-03
1.163879598559546139e+03 -2.659643717357539572e+02 4.821724612775304779e-03
1.175162540803358070e+03 -2.711460180056747049e+02 4.821724860035689689e-03
1.182583024654008113e+03 -2.745810953128966503e+02 4.821725022652135172e-03
1.193931658339404748e+03 -2.798764057886728551e+02 4.821725271352194850e-03
1.205462638356605112e+03 -2.853085988397651818e+02 4.821725524048337506e-03
1.214806351122113483e+03 -2.897486754656711128e+02 4.821725728811556040e-03
1.224455808138910925e+03 -2.943700238181918394e+02 4.821725940275054662e-03
1.236785172415808347e+03 -3.003280468161392491e+02 4.821726210467561051e-03
1.247026918792754941e+03 -3.053226398304104805e+02 4.821726434910897363e-03
1.256914617060061346e+03 -3.101836523725069128e+02 4.821726651595462619e-03
1.267195530376780653e+03 -3.152786894912424032e+02 4.821726876897199955e-03
1.274839042487743200e+03 -3.190935772210650612e+02 4.821727044401463887e-03
1.283097489767519846e+03 -3.232411643366503995e+02 4.821727225381790966e-03
1.295674218269170296e+03 -3.296089426432445180e+02 4.821727500995444393e-03
1.307380403176172194e+03 -3.355917636916274205e+02 4.821727757531556191e-03
1.318559650828314943e+03 -3.413555084232939407e+02 4.821728002520108206e-03
1.330603775123736796e+03 -3.476200793280440848e+02 4.821728266462121416e-03
1.342455420406507073e+03 -3.538401393212552648e+02 4.821728526186089443e-03
1.348295085650902593e+03 -3.569252356966899242e+02 4.821728654159987415e-03
1.357052308114720745e+03 -3.615767758346919436e+02 4.821728846070993599e-03
1.365139122201807140e+03 -3.658989620467764325e+02 4.821729023290293598e-03
1.375960592794780950e+03 -3.717229231893725228e+02 4.821729260438538216e-03
1.389500726951369188e+03 -3.790747946914052591e+02 4.821729557165277749e-03
1.395347200184610529e+03 -3.822715014772256836e+02 4.821729685288471227e-03
1.406761631921773869e+03 -3.885513135304790922e+02 4.821729935431351595e-03
1.416040596656428988e+03 -3.936939677827467676e+02 4.821730138776328736e-03
1.423717289116549637e+03 -3.979741554343490861e+02 4.821730307008142632e-03
1.432373567652331531e+03 -4.028282763822062407e+02 4.821730496707241076e-03
1.443321819003595920e+03 -4.090097923050052486e+02 4.821730736634104175e-03
1.454414627450662920e+03 -4.153209313546540216e+02 4.821730979728927093e-03
1.467529336191297034e+03 -4.228447424604382832e+02 4.821731267133011131e-03
1.475899758849918271e+03 -4.276821014551387634e+02 4.821731450567818406e-03
1.487449191746208498e+03 -4.344018157331447583e+02 4.821731703669536809e-03
1.500134695741741325e+03 -4.418428822296846192e+02 4.821731981667905925e-03
1.506518977506514148e+03 -4.456116797598951962e+02 4.821732121577222696e-03
1.517917780651895328e+03 -4.523804708995157853e+02 4.821732371378071105e-03
1.526861775388962769e+03 -4.577272807902772911e+02 4.821732567382669941e-03
1.538625141478859405e+03 -4.648073651267623063e+02 4.821732825172877525e-03
1.553054702041010842e+03 -4.735663740902964491e+02 4.821733141391908520e-03
1.565898315465249652e+03 -4.814314588955312502e+02 4.821733422855498802e-03
1.577925282209472471e+03 -4.888551797048421577e+02 4.821733686422597503e-03
1.589527265809023220e+03 -4.960704019955301192e+02 4.821733940676378727e-03
1.599817434317926882e+03 -5.025140424520941451e+02 4.821734166182190667e-03
1.607493294258368451e+03 -5.073476950281474274e+02 4.821734334396274822e-03
1.615974681693727462e+03 -5.127155109374143649e+02 4.821734520263270228e-03
1.627005021017291256e+03 -5.197387986008834559e+02 4.821734761989800513e-03
1.635290096674024880e+03 -5.250455296489235479e+02 4.821734943554741547e-03
1.642699152217473056e+03 -5.298139850383449811e+02 4.821735105921987931e-03
1.653129143745957208e+03 -5.365632408102101181e+02 4.821735334492178483e-03
1.661116321465866804e+03 -5.417606315553712193e+02 4.821735509528852874e-03
1.669064897027531742e+03 -5.469577728865260724e+02 4.821735683719594566e-03
1.679249257005993741e+03 -5.536530304867483210e+02 4.821735906906941642e-03
1.691154846775168153e+03 -5.615314706497883890e+02 4.821736167814595631e-03
1.703269704611265297e+03 -5.696055280881409999e+02 4.821736433308353685e-03
1.712517605231840434e+03 -5.758076647107372992e+02 4.821736635973574228e-03
1.724369608438546038e+03 -5.838053514467901550e+02 4.821736895707038131e-03
1.732880477219292288e+03 -5.895824801591516007e+02 4.821737082220471302e-03
1.742512356999498024e+03 -5.961548547238635365e+02 4.821737293300595167e-03
1.757284487674239699e+03 -6.063054924539756030e+02 4.821737617028036722e-03
1.768615242044008937e+03 -6.141494662573677488e+02 4.821737865338656184e-03
1.775284062942711671e+03 -6.187896777817513794e+02 4.821738011484204105e-03
1.781248315701463071e+03 -6.229544395348057151e+02 4.821738142189330514e-03
1.788273453802782797e+03 -6.278779203646990936e+02 4.821738296143514117e-03
1.800565377691905724e+03 -6.365391821993398480e+02 4.821738565518061959e-03
1.806662071215407877e+03 -6.408571087085874751e+02 4.821738699125652228e-03
1.818028584491153651e+03 -6.489463085003080778e+02 4.821738948220123840e-03
1.825209106140097219e+03 -6.540826141092111357e+02 4.821739105579595647e-03
1.834802069804932216e+03 -6.609761583196814172e+02 4.821739315807205273e-03
1.845047753190799995e+03 -6.683786576235434040e+02 4.821739540339057585e-03
1.854607857802992157e+03 -6.753230027286917903e+02 4.821739749846639007e-03
1.861780069816250261e+03 -6.805563736052135937e+02 4.821739907024102760e-03
1.869799731876586975e+03 -6.864320268025039695e+02 4.821740082773272318e-03
1.880873530978232793e+03 -6.945868251103092916e+02 4.821740325453237851e-03
1.892410816082349129e+03 -7.031341558802523650e+02 4.821740578290447353e-03
1.899628075525789200e+03 -7.085075964918360114e+02 4.821740736455215962e-03
1.909741064129521874e+03 -7.160713945406314451e+02 4.821740958079329988e-03
1.921078429744837194e+03 -7.245986877358518541e+02 4.821741206535464994e-03
1.932850439958152037e+03 -7.335063075872312766e+02 4.821741464516800940e-03
1.940685049796058820e+03 -7.394647434266516939e+02 4.821741636210794164e-03
1.950539621326152201e+03 -7.469936412737297360e+02 4.821741852171897331e-03
1.960101022933786680e+03 -7.543350063875550404e+02 4.821742061708270827e-03
1.972768700749389154e+03 -7.641166969558980782e+02 4.821742339318171172e-03
1.981444081904806580e+03 -7.708519815358158667e+02 4.821742529437636482e-03
1.989237963524084080e+03 -7.769281005137600005e+02 4.821742700239216826e-03
2.000266598716820454e+03 -7.855667945259483531e+02 4.821742941929905123e-03
2.008825609381572349e+03 -7.923039560759207234e+02 4.821743129499216768e-03
2.018455699716295840e+03 -7.999186014210863505e+02 4.821743340541095185e-03
2.029092465335104862e+03 -8.083715643704636022e+02 4.821743573644140732e-03
2.042755364544531403e+03 -8.192945598959340714e+02 4.821743873064488622e-03
2.052427034958425793e+03 -8.270710225770017132e+02 4.821744085017707487e-03
2.063254300510450776e+03 -8.358202132410951890e+02 4.821744322295663451e-03
2.073048853038395919e+03 -8.437745561997871846e+02 4.821744536941900000e-03
2.083252845427707598e+03 -8.521014791287598200e+02 4.821744760560990259e-03
2.091199701898753574e+03 -8.586147966372664087e+02 4.821744934715284543e-03
2.100544361882669818e+03 -8.663054920572903939e+02 4.821745139502283534e-03
2.111620500213258310e+03 -8.754656104094465263e+02 4.821745382234445161e-03
2.120020132311658472e+03 -8.824443403864279389e+02 4.821745566311343850e-03
2.129179694792323517e+03 -8.900860272115096450e+02 4.821745767042051080e-03
2.138882598300907375e+03 -8.982169495502603240e+02 4.821745979680045965e-03
2.150664861058446149e+03 -9.081400533221312799e+02 4.821746237887001782e-03
2.156461740452290087e+03 -9.130422333197202533e+02 4.821746364924975672e-03
2.164171619778438071e+03 -9.195826037612278014e+02 4.821746533886153187e-03
2.173068634058691714e+03 -9.271590425778413191e+02 4.821746728863291788e-03
2.183742503254556595e+03 -9.362896140926750377e+02 4.821746962780058821e-03
2.193580417572682109e+03 -9.447447184546035714e+02 4.821747178376995825e-03
2.206050755966314682e+03 -9.555168552818940952e+02 4.821747451663300869e-03
2.216234353585217377e+03 -9.643589532526675612e+02 4.821747674835937490e-03
2.220657042054636349e+03 -9.682117180433124304e+02 4.821747771758774434e-03
2.231685321607238166e+03 -9.778523093365947716e+02 4.821748013442600164e-03
2.242705439379637937e+03 -9.875334715034114197e+02 4.821748254947607129e-03
2.255972425596627545e+03 -9.992517691644025035e+02 4.821748545692615059e-03
2.269100327052277862e+03 -1.010915251221740618e+03 4.821748833389653995e-03
2.279294684379155569e+03 -1.020019107266853098e+03 4.821749056798324030e-03
2.289711134452628812e+03 -1.029363450827077031e+03 4.821749285074180581e-03
2.298489609826268861e+03 -1.037271490869170520e+03 4.821749477453953284e-03
2.309442350795406128e+03 -1.047180636807752308e+03 4.821749717482669804e-03
2.315915496403227280e+03 -1.053059157716052141e+03 4.821749859341319631e-03
2.325303336145469530e+03 -1.061613863251113798e+03 4.821750065075369220e-03
2.335184700469690142e+03 -1.070655679173069075e+03 4.821750281625019827e-03
2.345457258157134220e+03 -1.080096100206719711e+03 4.821750506747692934e-03
2.352081539335138586e+03 -1.086205752343812492e+03 4.821750651918558714e-03
2.362449635451504491e+03 -1.095802959705179092e+03 4.821750879135017036e-03
2.373619022283618051e+03 -1.106189111659477931e+03 4.821751123911776661e-03
2.385777039964536471e+03 -1.117550253217632417e+03 4.821751390354401569e-03
2.398058131944816523e+03 -1.129085331420355942e+03 4.821751659494249997e-03
2.410429648500440635e+03 -1.140765222899790388e+03 4.821751930615810096e-03
2.420408371629022440e+03 -1.150229878150275908e+03 4.821752149299383082e-03
2.426204521652497533e+03 -1.155745383455359843e+03 4.821752276321945689e-03
2.436717712542966183e+03 -1.165783199360885192e+03 4.821752506718434902e-03
2.448127753890301392e+03 -1.176726426102686673e+03 4.821752756769441713e-03
2.455093559644481957e+03 -1.183432374519179575e+03 4.821752909425065965e-03
2.465218735054466833e+03 -1.193213809642475098e+03 4.821753131318305859e-03
2.476477766383189191e+03 -1.204137878968322184e+03 4.821753378060044878e-03
2.490463782010671821e+03 -1.217777126451255754e+03 4.821753684563724954e-03
2.500066773370539522e+03 -1.227186497798538767e+03 4.821753895013423420e-03
2.511210962603915050e+03 -1.238151388433470856e+03 4.821754139238537511e-03
2.519028624817406580e+03 -1.245872377243358642e+03 4.821754310562778763e-03
2.528345776484355611e+03 -1.255105657901731320e+03 4.821754514748392492e-03
2.536747976972432298e+03 -1.263461454902426340e+03 4.821754698882855378e-03
2.543500677274617829e+03 -1.270196954242419451e+03 4.821754846868493011e-03
2.552429964018993815e+03 -1.279130988816905301e+03 4.821755042554116966e-03
2.562465289799582933e+03 -1.289209017112443689e+03 4.821755262478659085e-03
2.572584698041309366e+03 -1.299411529792996589e+03 4.821755484245907747e-03
2.580962363138836736e+03 -1.307888420633389615e+03 4.821755667842811920e-03
2.587975144775248737e+03 -1.315005453230696730e+03 4.821755821528254764e-03
2.597973636927888492e+03 -1.325185976106149610e+03 4.821756040645715918e-03
2.608138403480855686e+03 -1.335576041282911319e+03 4.821756263407125064e-03
2.619279152348475691e+03 -1.347010324048460461e+03 4.821756507557284355e-03
2.624247743724703923e+03 -1.352125541876011994e+03 4.821756616444267986e-03
2.633622086678880805e+03 -1.361802926842938177e+03 4.821756821883590657e-03
2.641723705792183864e+03 -1.370194243415608071e+03 4.821756999431115950e-03
2.648972568037629571e+03 -1.377724157679767814e+03 4.821757158290437481e-03
2.657784416054899793e+03 -1.386905444397416431e+03 4.821757351402724927e-03
2.667556176119348947e+03 -1.397122541864519008e+03 4.821757565551591102e-03
2.676306719755008544e+03 -1.406303704778838437e+03 4.821757757320448839e-03
2.686357558400289690e+03 -1.416886253132543061e+03 4.821757977585410491e-03
2.697497642595817979e+03 -1.428662019858893473e+03 4.821758221721321631e-03
2.706740450417487409e+03 -1.438469236092350911e+03 4.821758424278290225e-03
2.721195769565177670e+03 -1.453874522389378399e+03 4.821758741067978457e-03
2.733463132216931172e+03 -1.467012428428279236e+03 4.821759009908453512e-03
2.741974749937305205e+03 -1.476162791345268488e+03 4.821759196441436149e-03
2.753562486774707850e+03 -1.488665846052754205e+03 4.821759450387929323e-03
2.764288761646308103e+03 -1.500286384738865308e+03 4.821759685455435582e-03
2.771250090277006620e+03 -1.507852263732638676e+03 4.821759838013748786e-03
2.778331786889719297e+03 -1.515568489670113195e+03 4.821759993209957969e-03
2.791176375681914124e+03 -1.529614222419331782e+03 4.821760274700670652e-03
2.796194294564357733e+03 -1.535118983473512344e+03 4.821760384668984621e-03
2.804910150890193108e+03 -1.544703960708284285e+03 4.821760575678076845e-03
2.813375086722286596e+03 -1.554041550838155672e+03 4.821760761188243101e-03
2.824773163015565387e+03 -1.566659111523767933e+03 4.821761010978601637e-03
2.834316901933716053e+03 -1.577263179575675167e+03 4.821761220130947254e-03
2.839699795727086439e+03 -1.583259899659606162e+03 4.821761338097816166e-03
2.852504486053507208e+03 -1.597570468868070748e+03 4.821761618714435517e-03
2.863700498739231534e+03 -1.610135932790581137e+03 4.821761864076703347e-03
2.873755997085057516e+03 -1.621463335918087978e+03 4.821762084444471651e-03
2.884814570450906103e+03 -1.633966535095532890e+03 4.821762326794822376e-03
2.892589262281413539e+03 -1.642785614605236333e+03 4.821762497178426303e-03
2.906749453154073763e+03 -1.658908951724879444e+03 4.821762807501310880e-03
2.917697034514887036e+03 -1.671428255943465047e+03 4.821763047419385870e-03
2.927800252135172741e+03 -1.683023730407876428e+03 4.821763268833128245e-03
2.938325440933389928e+03 -1.695146130386274308e+03 4.821763499494479376e-03
2.947559649973263731e+03 -1.705817467297310941e+03 4.821763701863818544e-03
2.957902229088037075e+03 -1.717809424654114991e+03 4.821763928523321342e-03
2.967751035813262206e+03 -1.729267909693589900e+03 4.821764144361748335e-03
2.977011200920872852e+03 -1.740076288874843158e+03 4.821764347300017822e-03
2.981301050873898021e+03 -1.745094774811877869e+03 4.821764441312902105e-03
2.987668372950156026e+03 -1.752556917106267065e+03 4.821764580853996930e-03
2.997290047465000953e+03 -1.763863181807391811e+03 4.821764791714884708e-03
3.006125524623155343e+03 -1.774277618127234746e+03 4.821764985346132029e-03
3.016802187736522228e+03 -1.786903174991311971e+03 4.821765219327375264e-03
3.026341924761098198e+03 -1.798222139650897589e+03 4.821765428392688069e-03
3.033887779181372025e+03 -1.807200661857496016e+03 4.821765593761673935e-03
3.044556969528896843e+03 -1.819933677968219854e+03 4.821765827579259020e-03
3.054086448481837124e+03 -1.831344311233260669e+03 4.821766036419859215e-03
3.063496462660529232e+03 -1.842646888748276979e+03 4.821766242642397393e-03
3.074646996110127475e+03 -1.856085055618314072e+03 4.821766487008840273e-03
3.084681674106378978e+03 -1.868220178382762242e+03 4.821766706921099682e-03
3.093714265445643832e+03 -1.879177273926325142e+03 4.821766904872432091e-03
3.106978047512327066e+03 -1.895325131491699722e+03 4.821767195551344455e-03
3.114509752479240888e+03 -1.904525281538371928e+03 4.821767360610463606e-03
3.123041466901137937e+03 -1.914973873825510964e+03 4.821767547585054797e-03
3.131470597297938184e+03 -1.925324903667205945e+03 4.821767732311518957e-03
3.140202334006342880e+03 -1.936076956380566116e+03 4.821767923669701729e-03
3.150579660901231364e+03 -1.948894283933623228e+03 4.821768151091438553e-03
3.158705899257502097e+03 -1.958960751410631929e+03 4.821768329180029303e-03
3.172533863651384763e+03 -1.976149899957817979e+03 4.821768632223459930e-03
3.182004793505842827e+03 -1.987966267693263944e+03 4.821768839781387372e-03
3.190381104108576437e+03 -1.998446289642015472e+03 4.821769023350472652e-03
3.197868143121259891e+03 -2.007837018549616914e+03 4.821769187430955360e-03
3.207382325499653234e+03 -2.019802080173394643e+03 4.821769395936861477e-03
3.217225144546553111e+03 -2.032217844222031999e+03 4.821769611644964766e-03
3.226330718867987798e+03 -2.043737520991999190e+03 4.821769811196177126e-03
3.238022800803842529e+03 -2.058577192939992528e+03 4.821770067431473128e-03
3.247086722768124673e+03 -2.070118123374413699e+03 4.821770266069931241e-03
3.255605563808054285e+03 -2.080994420724164229e+03 4.821770452762812013e-03
3.265818268127982265e+03 -2.094070891158480663e+03 4.821770676577234738e-03
3.277533107068928075e+03 -2.109121148090343922e+03 4.821770933311425936e-03
3.284725862087546830e+03 -2.118388507157214917e+03 4.821771090942823454e-03
3.292844182874806847e+03 -2.128872797432995867e+03 4.821771268858297474e-03
3.303889975093359226e+03 -2.143179291032720357e+03 4.821771510930237224e-03
3.309339175141784381e+03 -2.150254734708869364e+03 4.821771630351151354e-03
3.318562209120688294e+03 -2.162256833526771516e+03 4.821771832476836467e-03
3.324016230130752774e+03 -2.169369965160149150e+03 4.821771952003433420e-03
3.335866476597440851e+03 -2.184865312544570770e+03 4.821772211705373061e-03
3.347390323460834225e+03 -2.199986746607464738e+03 4.821772464254210806e-03
3.355640221288492739e+03 -2.210844178624392953e+03 4.821772645053423213e-03
3.366411540500911997e+03 -2.225060201104497537e+03 4.821772881110450437e-03
3.375901402175561998e+03 -2.237622702980297618e+03 4.821773089083946501e-03
3.384001410657520410e+03 -2.248373317162622698e+03 4.821773266598368933e-03
3.395188000067352732e+03 -2.263262909905461129e+03 4.821773511756295878e-03
3.404033889261783770e+03 -2.275071772314549889e+03 4.821773705617011553e-03
3.415208837020422834e+03 -2.290033749889698811e+03 4.821773950519889045e-03
3.424949831914319930e+03 -2.303115831235481892e+03 4.821774163997227282e-03
3.432963142603837241e+03 -2.313905579253332689e+03 4.821774339611782298e-03
3.442423991610130997e+03 -2.326676864972978365e+03 4.821774546949686088e-03
3.452124885627125877e+03 -2.339808686378819402e+03 4.821774759548294945e-03
3.461738652699651993e+03 -2.352859024016652256e+03 4.821774970237519692e-03
3.475295452965993263e+03 -2.371323559217853472e+03 4.821775267339819052e-03
3.485093810223050696e+03 -2.384713977764477022e+03 4.821775482074488334e-03
3.495597941850620828e+03 -2.399110777582973242e+03 4.821775712276506372e-03
3.503328321703460460e+03 -2.409733592389966361e+03 4.821775881690730341e-03
3.512467037370474827e+03 -2.422321960242697969e+03 4.821776081969200364e-03
3.520863935466952626e+03 -2.433917401742655784e+03 4.821776265990478615e-03
3.533991122960338998e+03 -2.452100468601565808e+03 4.821776553677936672e-03
3.544342200868522013e+03 -2.466485934816591907e+03 4.821776780525910237e-03
3.554939341159980813e+03 -2.481256953044794500e+03 4.821777012766477293e-03
3.566600651383997501e+03 -2.497562246522284113e+03 4.821777268328802067e-03
3.572870364977663485e+03 -2.506350874577765353e+03 4.821777405732128631e-03
3.584814675191045353e+03 -2.523136634631373454e+03 4.821777667496591167e-03
3.592355362321174198e+03 -2.533762676182959694e+03 4.821777832753873852e-03
3.602994461905505432e+03 -2.548792854697967414e+03 4.821778065914182620e-03
3.612925155501673544e+03 -2.562862353325181175e+03 4.821778283549515987e-03
3.622328971386079502e+03 -2.576221085998986382e+03 4.821778489638135247e-03
3.634902793080490028e+03 -2.594137275274260901e+03 4.821778765198829302e-03
3.644854581778165084e+03 -2.608361395105021074e+03 4.821778983296587037e-03
3.653712731460305349e+03 -2.621055087923014071e+03 4.821779177426802412e-03
3.662190668374027609e+03 -2.633232794239302166e+03 4.821779363224516432e-03
3.671162856457515772e+03 -2.646151182713219896e+03 4.821779559853989552e-03
3.680722269408307056e+03 -2.659949854623118881e+03 4.821779769352788070e-03
3.691787904737851477e+03 -2.675967515209049452e+03 4.821780011861164297e-03
3.703690278038982342e+03 -2.693250039598206058e+03 4.821780272707079477e-03
3.717882816845152320e+03 -2.713930652780982200e+03 4.821780583743079385e-03
3.728318079784254678e+03 -2.729186821995244827e+03 4.821780812436701584e-03
3.735514964109430821e+03 -2.739733454064116813e+03 4.821780970159779238e-03
3.750424573046472233e+03 -2.761647366308898199e+03 4.821781296910874169e-03
3.759957029775516276e+03 -2.775703769207757432e+03 4.821781505819191030e-03
3.766596209502548390e+03 -2.785514874028740451e+03 4.821781651319988204e-03
3.773146880732185309e+03 -2.795212148819700815e+03 4.821781794881094783e-03
3.786379242999871167e+03 -2.814852050393528771e+03 4.821782084874718516e-03
3.793406344116173841e+03 -2.825309853829094209e+03 4.821782238877066716e-03
3.803554059165359376e+03 -2.840446005793637596e+03 4.821782461269222622e-03
3.814518346951245803e+03 -2.856845591359888203e+03 4.821782701557013155e-03
3.825865168383058062e+03 -2.873867048317333683e+03 4.821782950228264281e-03
3.837667854410132804e+03 -2.891625996441871393e+03 4.821783208890065460e-03
3.853519937799552736e+03 -2.915563955288962461e+03 4.821783556296526697e-03
3.863898506643530709e+03 -2.931289904584991746e+03 4.821783783748185767e-03
3.873659745470130474e+03 -2.946119053407164756e+03 4.821783997670776346e-03
3.884430846634023055e+03 -2.962525793634995352e+03 4.821784233725061840e-03
3.896943514786221385e+03 -2.981642522809852380e+03 4.821784507946747129e-03
3.906569137958289957e+03 -2.996390292572323233e+03 4.821784718897366082e-03
3.916723443568453604e+03 -3.011987510962353554e+03 4.821784941434377469e-03
3.930357085266025024e+03 -3.032992735924199224e+03 4.821785240222950346e-03
3.940957971643937526e+03 -3.049375864055764396e+03 4.821785472547109389e-03
3.947473001219133039e+03 -3.059466403245460242e+03 4.821785615327526218e-03
3.959823826814180393e+03 -3.078641227024490945e+03 4.821785886002631812e-03
3.972125855634699747e+03 -3.097799839089566376e+03 4.821786155608384465e-03
3.982580954122257026e+03 -3.114128841631463729e+03 4.821786384737682465e-03
3.990915722884895786e+03 -3.127177015166671481e+03 4.821786567398803937e-03
4.002494070987680061e+03 -3.145348316662420984e+03 4.821786821144823793e-03
4.013072311661851018e+03 -3.161996046180138364e+03 4.821787052972968148e-03
4.020303724074836282e+03 -3.173401920383912511e+03 4.821787211453498062e-03
4.032375509499328473e+03 -3.192488111076818313e+03 4.821787476013604523e-03
4.043569786018913874e+03 -3.210238045368168969e+03 4.821787721342648929e-03
4.053348391206219731e+03 -3.225783521078119520e+03 4.821787935646473615e-03
4.064933195156484544e+03 -3.244248981877171900e+03 4.821788189534241195e-03
4.074859946499805574e+03 -3.260113535738491919e+03 4.821788407084852401e-03
4.084127438205773615e+03 -3.274959411486634053e+03 4.821788610187433162e-03
4.094676889215025767e+03 -3.291899942832242232e+03 4.821788841384951757e-03
4.106522254555515246e+03 -3.310973564756568521e+03 4.821789100983253813e-03
4.116081752010479249e+03 -3.326406615728046745e+03 4.821789310485425500e-03
4.129990887304173157e+03 -3.348925902796327136e+03 4.821789615312601154e-03
4.137629000240966889e+03 -3.361324539355700836e+03 4.821789782706530601e-03
4.150811704551943876e+03 -3.382777374645229429e+03 4.821790071613630234e-03
4.161886853554779009e+03 -3.400853234421811067e+03 4.821790314332405000e-03
4.171153704822986583e+03 -3.416014764772262424e+03 4.821790517421244149e-03
4.181588326079688159e+03 -3.433127250926918350e+03 4.821790746102531597e-03
4.190694346963017779e+03 -3.448095805873163044e+03 4.821790945666737035e-03
4.197467325214103766e+03 -3.459250401437748224e+03 4.821791094100858800e-03
4.205776732793780866e+03 -3.472959989053197205e+03 4.821791276206827993e-03
4.213804305883753841e+03 -3.486230330471880734e+03 4.821791452136237922e-03
4.221522536617459991e+03 -3.499013160783215426e+03 4.821791621286234016e-03
4.231353388369784625e+03 -3.515328758658142760e+03 4.821791836735711718e-03
4.241512510244483565e+03 -3.532229037026991136e+03 4.821792059379479724e-03
4.251303463432157514e+03 -3.548555196649977006e+03 4.821792273954626437e-03
4.263008999949045574e+03 -3.568123278659186326e+03 4.821792530489165708e-03
4.273275274549641836e+03 -3.585329642312717624e+03 4.821792755481373732e-03
4.284615161659404293e+03 -3.604383495112415403e+03 4.821793004002555665e-03
4.293049997595134300e+03 -3.618588882411131635e+03 4.821793188857635692e-03
4.304932825387953017e+03 -3.638648549839854240e+03 4.821793449277810700e-03
4.317245369609915542e+03 -3.659492122032679617e+03 4.821793719115566139e-03
4.329947278486363757e+03 -3.681057222071103752e+03 4.821793997486570338e-03
4.343735899807675196e+03 -3.704539041873067617e+03 4.821794299673685946e-03
4.353098984889928033e+03 -3.720526799259823747e+03 4.821794504872170886e-03
4.363925503351642874e+03 -3.739056330776656978e+03 4.821794742142851420e-03
4.373480306217530597e+03 -3.755447562466724776e+03 4.821794951543036112e-03
4.385047240309228073e+03 -3.775338566856225953e+03 4.821795205040527339e-03
4.395673297281191481e+03 -3.793657899336540140e+03 4.821795437918078783e-03
4.407466510758207733e+03 -3.814041322097182274e+03 4.821795696374738503e-03
4.414898454879384190e+03 -3.826914767880225554e+03 4.821795859251104543e-03
4.425332950715699553e+03 -3.845025768943014555e+03 4.821796087930571399e-03
4.436154464612415723e+03 -3.863853673948324285e+03 4.821796325091858536e-03
4.448497892373880859e+03 -3.885385634220438078e+03 4.821796595607039972e-03
4.461793837662592523e+03 -3.908646104671061039e+03 4.821796886997395393e-03
4.471566597656573322e+03 -3.925787234460585751e+03 4.821797101174612153e-03
4.481051521307858820e+03 -3.942459370678989217e+03 4.821797309043718630e-03
4.489023913622990221e+03 -3.956500178994610906e+03 4.821797483764608296e-03
4.495232275076892620e+03 -3.967451499079470523e+03 4.821797619825469658e-03
4.503155329842887113e+03 -3.981449457691633143e+03 4.821797793465130468e-03
4.512528100229676056e+03 -3.998040512041188776e+03 4.821797998876422610e-03
4.523739040249631216e+03 -4.017930679550045170e+03 4.821798244572622974e-03
4.535942236480343126e+03 -4.039637382622458972e+03 4.821798512014916979e-03
4.547409609471528711e+03 -4.060088518221164122e+03 4.821798763331137418e-03
4.557272284580714768e+03 -4.077719108617748134e+03 4.821798979479218622e-03
4.566346212011786520e+03 -4.093973464667215012e+03 4.821799178341322489e-03
4.576819061694002812e+03 -4.112773938375175931e+03 4.821799407861921197e-03
4.585564572215302178e+03 -4.128506556156207807e+03 4.821799599526576698e-03
4.595239280211947516e+03 -4.145945730732637458e+03 4.821799811555348841e-03
4.604888860562309674e+03 -4.163376223124214448e+03 4.821800023033463375e-03
4.609982804542491976e+03 -4.172592400142457336e+03 4.821800134671251799e-03
4.620745255953520427e+03 -4.192097784468205646e+03 4.821800370538867168e-03
4.630013874333296371e+03 -4.208932265237672254e+03 4.821800573667988331e-03
4.637022677498554003e+03 -4.221684670026297681e+03 4.821800727271487175e-03
4.648081392034105193e+03 -4.241845052936696447e+03 4.821800969632052819e-03
4.661011319381378598e+03 -4.265477614116389304e+03 4.821801253001799757e-03
4.673439218828344565e+03 -4.288254473559209146e+03 4.821801525369259940e-03
4.683932803419379525e+03 -4.307533500844147056e+03 4.821801755344690132e-03
4.694587820633179035e+03 -4.327153358104988001e+03 4.821801988858088854e-03
4.705348166291788402e+03 -4.347012408191221766e+03 4.821802224679887575e-03
4.716501116056314459e+03 -4.367644024448236451e+03 4.821802469105973717e-03
4.727937692498417164e+03 -4.388851039446308278e+03 4.821802719748018162e-03
4.739575502840510126e+03 -4.410483929724432528e+03 4.821802974800318622e-03
4.750747628009313303e+03 -4.431301217421423644e+03 4.821803219646788111e-03
4.758766675787286658e+03 -4.446273516328074038e+03 4.821803395390958195e-03
4.769163560891411180e+03 -4.465723048811196350e+03 4.821803623247463561e-03
4.779374522665747463e+03 -4.484866087863338180e+03 4.821803847029342005e-03
4.786004845557643421e+03 -4.497318234649719670e+03 4.821803992338506879e-03
4.797929086037147499e+03 -4.519756118141231127e+03 4.821804253668415113e-03
4.804716427443408975e+03 -4.532552816782845184e+03 4.821804402418820336e-03
4.815528059401167411e+03 -4.552974179311422631e+03 4.821804639365036456e-03
4.823589063930737211e+03 -4.568229936764691956e+03 4.821804816028913560e-03
4.832040630337112816e+03 -4.584252247813856229e+03 4.821805001252317015e-03
4.842004987139016521e+03 -4.603178505782852881e+03 4.821805219629866565e-03
4.852090515581522595e+03 -4.622374619019683450e+03 4.821805440663034029e-03
4.864067983986277795e+03 -4.645223607358639129e+03 4.821805703159769314e-03
4.876135723460010922e+03 -4.668301774715655483e+03 4.821805967634925499e-03
4.887847367940215918e+03 -4.690753630813560449e+03 4.821806224305997916e-03
4.899577839274033977e+03 -4.713295569844194688e+03 4.821806481389727221e-03
4.909568497313297485e+03 -4.732536792362225242e+03 4.821806700343938754e-03
4.919535047152612606e+03 -4.751770636971923523e+03 4.821806918769832445e-03
4.934799000406188497e+03 -4.781303235300583765e+03 4.821807253293152080e-03
4.945370068189385165e+03 -4.801809690045774914e+03 4.821807484967699682e-03
4.952952810414138185e+03 -4.816546221051248722e+03 4.821807651150403565e-03
4.959367288634002762e+03 -4.829029940633336082e+03 4.821807791729554316e-03
4.966587963457213846e+03 -4.843101993357413448e+03 4.821807949977258319e-03
4.978539517235654785e+03 -4.866438834863947704e+03 4.821808211906550810e-03
4.990444317289406172e+03 -4.889740145482937805e+03 4.821808472811244493e-03
5.001018743431328403e+03 -4.910484180977800861e+03 4.821808704559607181e-03
5.008646471211573953e+03 -4.925474887093878351e+03 4.821808871728365184e-03
5.018776644501592273e+03 -4.945418946730205789e+03 4.821809093740581087e-03
5.029437290402886902e+03 -4.966450906649697572e+03 4.821809327378642242e-03
5.037257455694387318e+03 -4.981907371891429648e+03 4.821809498764929348e-03
5.048002540876658713e+03 -5.003184073980082758e+03 4.821809734253627334e-03
5.061845472775799863e+03 -5.030661754083121195e+03 4.821810037634627344e-03
5.071632207796825242e+03 -5.050133446301333606e+03 4.821810252120262326e-03
5.083863131009311473e+03 -5.074520969769218937e+03 4.821810520172662914e-03
5.095502954922720164e+03 -5.097784439945826307e+03 4.821810775270605684e-03
5.108545289597154806e+03 -5.123914186333422549e+03 4.821811061105981018e-03
5.117316969862402402e+03 -5.141525432371417992e+03 4.821811253345871691e-03
5.121530989160658464e+03 -5.149996827970608138e+03 4.821811345700205940e-03
5.129816393826635249e+03 -5.166673217350034975e+03 4.821811527282932226e-03
5.140921893546433239e+03 -5.189068013825453818e+03 4.821811770670830603e-03
5.148880945501623501e+03 -5.205147632575244643e+03 4.821811945101275518e-03
5.162269335089565175e+03 -5.232252220599912107e+03 4.821812238521040565e-03
5.172831680056699042e+03 -5.253685193922137842e+03 4.821812470005296808e-03
5.184782794960919091e+03 -5.277989068458555266e+03 4.821812731925871447e-03
5.193037266306314450e+03 -5.294808168461895548e+03 4.821812912830854281e-03
5.202427709690549818e+03 -5.313974428240908310e+03 4.821813118631828633e-03
5.213773725238917905e+03 -5.337178280847729184e+03 4.821813367291169147e-03
5.223164866467327556e+03 -5.356422435984131880e+03 4.821813573107509680e-03
5.231628560010703040e+03 -5.373795752847217955e+03 4.821813758597925242e-03
5.244175433824469110e+03 -5.399602320368285291e+03 4.821814033575420010e-03
5.254499134811499971e+03 -5.420882595662260428e+03 4.821814259829864877e-03
5.266449065667266950e+03 -5.445567282874253578e+03 4.821814521724844538e-03
5.276875315938054882e+03 -5.467150345200207084e+03 4.821814750226847447e-03
5.285638303266423463e+03 -5.485323353225248866e+03 4.821814942276762481e-03
5.295606716269354365e+03 -5.506032878512633033e+03 4.821815160744858525e-03
5.307758129381455547e+03 -5.531330392439849675e+03 4.821815427055712103e-03
5.316528889708347378e+03 -5.549625897002988495e+03 4.821815619276079330e-03
5.327732349514854832e+03 -5.573039865822647698e+03 4.821815864811633025e-03
5.339291579204096706e+03 -5.597249014428234659e+03 4.821816118144307307e-03
5.349142534484635689e+03 -5.617921837273752317e+03 4.821816334038388566e-03
5.360506425949792174e+03 -5.641816981974989176e+03 4.821816583090107917e-03
5.370519636534670099e+03 -5.662914042564807460e+03 4.821816802540263881e-03
5.385163770465718699e+03 -5.693838996076374315e+03 4.821817123482093417e-03
5.393940836398657666e+03 -5.712414448373601772e+03 4.821817315840901987e-03
5.402247471745156872e+03 -5.730022161282249726e+03 4.821817497889745868e-03
5.411613909148588391e+03 -5.749908854989917018e+03 4.821817703165321052e-03
5.419339155596578166e+03 -5.766336918307933956e+03 4.821817872472451000e-03
5.428412441450095685e+03 -5.785661570203956217e+03 4.821818071323351156e-03
5.439105729630098722e+03 -5.808478068714612164e+03 4.821818305678396074e-03
5.451855650296987733e+03 -5.835741533854161389e+03 4.821818585106835663e-03
5.461490233092408744e+03 -5.856385739860706963e+03 4.821818796259281885e-03
5.471143591077675410e+03 -5.877106732927495614e+03 4.821819007823240077e-03
5.475357243125476998e+03 -5.886162835580762476e+03 4.821819100170069913e-03
5.483720866647747243e+03 -5.904158830069354735e+03 4.821819283468120262e-03
5.495444920743482726e+03 -5.929431696800747886e+03 4.821819540413761242e-03
5.507022799416827183e+03 -5.954442431454663165e+03 4.821819794155856286e-03
5.515963430811961189e+03 -5.973792156844865531e+03 4.821819990099774494e-03
5.524834387406417591e+03 -5.993022111570462584e+03 4.821820184516721446e-03
5.534292146477360802e+03 -6.013558138534426689e+03 4.821820391794133694e-03
5.542990927188233400e+03 -6.032477174027008004e+03 4.821820582437711875e-03
5.552906377490876366e+03 -6.054078589970595203e+03 4.821820799746008232e-03
5.565452597906440133e+03 -6.081466630255454220e+03 4.821821074710654770e-03
5.575668272446145238e+03 -6.103812809937517159e+03 4.821821298598788497e-03
5.584109397006575819e+03 -6.122308187530143186e+03 4.821821483595667424e-03
5.593035271781275696e+03 -6.141896138814627193e+03 4.821821679216430935e-03
5.600057057027029259e+03 -6.157327526397421025e+03 4.821821833106912022e-03
5.610707526370165397e+03 -6.180770426298840903e+03 4.821822066524203594e-03
5.625294008833153384e+03 -6.212949216630659066e+03 4.821822386203820573e-03
5.633947952887036081e+03 -6.232079904738930054e+03 4.821822575865039595e-03
5.643719202888427390e+03 -6.253715893518528901e+03 4.821822790013347189e-03
5.655541268736469647e+03 -6.279943022088264115e+03 4.821823049107716412e-03
5.670138844124358911e+03 -6.312403310151421465e+03 4.821823369030685605e-03
5.680856862651056872e+03 -6.336289991435478441e+03 4.821823603928671216e-03
5.690509066551769138e+03 -6.357839951713685878e+03 4.821823815468109960e-03
5.699558538283969938e+03 -6.378077452586148866e+03 4.821824013797992858e-03
5.710465902870524587e+03 -6.402512532169930637e+03 4.821824252845836878e-03
5.719573437356488284e+03 -6.422951356114936061e+03 4.821824452448300775e-03
5.728945754197362476e+03 -6.444018401450011879e+03 4.821824657853816289e-03
5.737111062371923254e+03 -6.462400454794988036e+03 4.821824836806321880e-03
5.743505542896605220e+03 -6.476814232917968184e+03 4.821824976949036154e-03
5.756119180554485865e+03 -6.505293668032390997e+03 4.821825253392087764e-03
5.766943137263512654e+03 -6.529782118755974807e+03 4.821825490612170750e-03
5.774055885768631924e+03 -6.545899267241475172e+03 4.821825646496669636e-03
5.784404412208788017e+03 -6.569384012432419695e+03 4.821825873297192443e-03
5.794735452706233445e+03 -6.592871021365863271e+03 4.821826099714528711e-03
5.802937671647193383e+03 -6.611548127001151443e+03 4.821826279476174384e-03
5.811749191798787251e+03 -6.631642094592098147e+03 4.821826472591429075e-03
5.819000430618669270e+03 -6.648200833797454834e+03 4.821826631511228270e-03
5.828118884044378319e+03 -6.669052802299847826e+03 4.821826831353355491e-03
5.835833541311094450e+03 -6.686720083822729066e+03 4.821827000429586806e-03
5.846678554738832645e+03 -6.711595690777176060e+03 4.821827238111469661e-03
5.855481516639408255e+03 -6.731821327668149024e+03 4.821827431039299623e-03
5.864094159709105952e+03 -6.751639138947939500e+03 4.821827619796084131e-03
5.879428677747653637e+03 -6.786996177307446487e+03 4.821827955871185907e-03
5.889388407468647529e+03 -6.810009944537887350e+03 4.821828174151139047e-03
5.902516448555309580e+03 -6.840404181662597694e+03 4.821828461868659862e-03
5.915483352411190026e+03 -6.870491786819184199e+03 4.821828746054718229e-03
5.924333150203762671e+03 -6.891064220448606648e+03 4.821828940009237341e-03
5.934787232076060718e+03 -6.915405630221357569e+03 4.821829169123709527e-03
5.945996509486320974e+03 -6.941553123429184780e+03 4.821829414789295491e-03
5.955243860946604400e+03 -6.963161241490161046e+03 4.821829617456811073e-03
5.965733710365397201e+03 -6.987713331996928900e+03 4.821829847355293269e-03
5.974958432607120812e+03 -7.009340026686550118e+03 4.821830049526926003e-03
5.983871857274218200e+03 -7.030268649605568498e+03 4.821830244876102942e-03
5.994295577159479762e+03 -7.054783004181808792e+03 4.821830473325380666e-03
6.001704742363095647e+03 -7.072233714195317589e+03 4.821830635706824894e-03
6.009238951319679472e+03 -7.090001043109805323e+03 4.821830800828785270e-03
6.020892061276624190e+03 -7.117525550338905305e+03 4.821831056221844401e-03
6.028396306325676960e+03 -7.135278714125161059e+03 4.821831220687158165e-03
6.037727433283056598e+03 -7.157384666157304309e+03 4.821831425191001712e-03
6.047485033334693071e+03 -7.180537526722764596e+03 4.821831639041594328e-03
6.055990192782150189e+03 -7.200749089560122229e+03 4.821831825443338194e-03
6.066624847858523026e+03 -7.226061125213163905e+03 4.821832058515812709e-03
6.076688610197961680e+03 -7.250055250970763154e+03 4.821832279076459712e-03
6.085495776088278035e+03 -7.271086017962079495e+03 4.821832472097165902e-03
6.099117156631670696e+03 -7.303672705491771922e+03 4.821832770627818357e-03
6.110409799915432814e+03 -7.330743549624457955e+03 4.821833018121150609e-03
6.118495705583886775e+03 -7.350157933513401076e+03 4.821833195334582906e-03
6.129484287982799287e+03 -7.376582841889467090e+03 4.821833436164092018e-03
6.137606978275041911e+03 -7.396146444897749461e+03 4.821833614183763939e-03
6.148296968650188319e+03 -7.421932908109738491e+03 4.821833848469304559e-03
6.159376610528463971e+03 -7.448706648297957145e+03 4.821834091294625174e-03
6.167864407271872551e+03 -7.469249853890505619e+03 4.821834277316189646e-03
6.177123869130194180e+03 -7.491693002264946699e+03 4.821834480249869923e-03
6.187842971350438347e+03 -7.517716083695995621e+03 4.821834715173590157e-03
6.199274529976040867e+03 -7.545518532895948738e+03 4.821834965711807933e-03
6.207772737398049685e+03 -7.566220094772870652e+03 4.821835151961659412e-03
6.219752444060700327e+03 -7.595450725662522018e+03 4.821835414513380227e-03
6.230214932853652499e+03 -7.621025427110726014e+03 4.821835643813229301e-03
6.241339591597687104e+03 -7.648265899799298495e+03 4.821835887625489613e-03
6.249519582150205679e+03 -7.668326894607162103e+03 4.821836066901306894e-03
6.259175845550581471e+03 -7.692042186271282844e+03 4.821836278531721476e-03
6.272358102814833728e+03 -7.724476250424049795e+03 4.821836567439239177e-03
6.283716265431404281e+03 -7.752476977708283812e+03 4.821836816369233850e-03
6.293159569446776004e+03 -7.775795665034092963e+03 4.821837023332464257e-03
6.302458799973164787e+03 -7.798792806550045498e+03 4.821837227138154464e-03
6.312661608430338674e+03 -7.824063577150809579e+03 4.821837450747060161e-03
6.324952628394884414e+03 -7.854560805443907157e+03 4.821837720122110205e-03
6.334856116857792586e+03 -7.879177101040841080e+03 4.821837937171075811e-03
6.347119551427562328e+03 -7.909712695871712640e+03 4.821838205941652786e-03
6.358098132200126201e+03 -7.937099141054204665e+03 4.821838446552880776e-03
6.372008393315843023e+03 -7.971866737894015387e+03 4.821838751416119596e-03
6.381627639925647600e+03 -7.995953722042031586e+03 4.821838962235689731e-03
6.391620557416516021e+03 -8.021014872664818540e+03 4.821839181244827813e-03
6.402181827267329936e+03 -8.047544010085402988e+03 4.821839412710264040e-03
6.412655205727477551e+03 -8.073895625004661269e+03 4.821839642249473729e-03
6.423187084865387988e+03 -8.100437866247375496e+03 4.821839873070850498e-03
6.433756356778353620e+03 -8.127118132132454775e+03 4.821840104711784362e-03
6.440896007062451645e+03 -8.145165746676502749e+03 4.821840261187605378e-03
6.449568729298999642e+03 -8.167115586914587766e+03 4.821840451262954935e-03
6.459696582508238862e+03 -8.192785611032741144e+03 4.821840673229654296e-03
6.469067379212973719e+03 -8.216572676881332882e+03 4.821840878604388009e-03
6.477939903329594017e+03 -8.239126695360755548e+03 4.821841073058777231e-03
6.484937487679093465e+03 -8.256936407761531882e+03 4.821841226421130430e-03
6.491627357303174904e+03 -8.273980926792137325e+03 4.821841373039479836e-03
6.502534144957397075e+03 -8.301807034961530007e+03 4.821841612077834051e-03
6.515451370981779291e+03 -8.334822726290440187e+03 4.821841895177971134e-03
6.527722999335917848e+03 -8.366248996846843511e+03 4.821842164128935064e-03
6.537471543458448650e+03 -8.391256077357684262e+03 4.821842377782799630e-03
6.544392885298027068e+03 -8.409033438624464907e+03 4.821842529474335698e-03
6.554948136205140145e+03 -8.436180658527882770e+03 4.821842760808446419e-03
6.561270159488274658e+03 -8.452461321311420761e+03 4.821842899365063120e-03
6.570793415429780907e+03 -8.477015521150315180e+03 4.821843108081516963e-03
6.582868902911811347e+03 -8.508201451844070107e+03 4.821843372734006990e-03
6.590518125871796656e+03 -8.527985817287117243e+03 4.821843540378271779e-03
6.601092638921410980e+03 -8.555374147690599784e+03 4.821843772134719146e-03
6.612805090474513236e+03 -8.585761026787804440e+03 4.821844028830859184e-03
6.626656105581853808e+03 -8.621765732736093923e+03 4.821844332396925566e-03
6.638412054085200907e+03 -8.652383570146048442e+03 4.821844590046475698e-03
6.648500075475946687e+03 -8.678700632424443029e+03 4.821844811140898850e-03
6.656834484092120874e+03 -8.700473114315536804e+03 4.821844993802242366e-03
6.666458691160347371e+03 -8.725648949961760081e+03 4.821845204731529423e-03
6.679908325357658214e+03 -8.760892600659281015e+03 4.821845499500985663e-03
6.688094750315156489e+03 -8.782379224160104059e+03 4.821845678919135271e-03
6.694555537522918712e+03 -8.799355206752079539e+03 4.821845820517285143e-03
6.704841810388154954e+03 -8.826416631459142081e+03 4.821846045956902638e-03
6.711861197563861424e+03 -8.844907289044931531e+03 4.821846199797677826e-03
6.718455744665478960e+03 -8.862296448490815237e+03 4.821846344327439249e-03
6.727811616935238817e+03 -8.886996245131012984e+03 4.821846549375966885e-03
6.735687195467219681e+03 -8.907814664620673284e+03 4.821846721981573776e-03
6.748793331353831491e+03 -8.942513607072760351e+03 4.821847009223066520e-03
6.759097631328793796e+03 -8.969841955843730830e+03 4.821847235057980657e-03
6.767648328218497227e+03 -8.992551174663822167e+03 4.821847422459959141e-03
6.781713630858731449e+03 -9.029968718625605106e+03 4.821847730723260311e-03
6.793238340426118157e+03 -9.060685495522920974e+03 4.821847983305509698e-03
6.804244404441706138e+03 -9.090068615102791227e+03 4.821848224520865547e-03
6.816066666900068412e+03 -9.121683745339396410e+03 4.821848483624553705e-03
6.823431521475012232e+03 -9.141406606577220373e+03 4.821848645037083748e-03
6.836642225390752174e+03 -9.176837846860871650e+03 4.821848934570772439e-03
6.845210121425466241e+03 -9.199853666059789248e+03 4.821849122349939655e-03
6.857132938879088215e+03 -9.231929730981937610e+03 4.821849383657631286e-03
6.867327360149987726e+03 -9.259400144839310087e+03 4.821849607084783933e-03
6.877921476945601171e+03 -9.287990840052952990e+03 4.821849839271948393e-03
6.887044242063560887e+03 -9.312646065765875392e+03 4.821850039212100501e-03
6.897743355355000858e+03 -9.341603175693308003e+03 4.821850273700510094e-03
6.906254700687723926e+03 -9.364671202807221562e+03 4.821850460240468920e-03
6.917462094085087301e+03 -9.395089632933377288e+03 4.821850705868740115e-03
6.929979351857704387e+03 -9.429121524069341831e+03 4.821850980204876388e-03
6.941811577415141073e+03 -9.461347518477123231e+03 4.821851239527465832e-03
6.951484801901395258e+03 -9.487734147932496853e+03 4.821851451532051594e-03
6.961405170816753525e+03 -9.514833101825206541e+03 4.821851668953248092e-03
6.970775829651533968e+03 -9.540465933553059585e+03 4.821851874326676425e-03
6.981597815113477736e+03 -9.570111680423724465e+03 4.821852111508359573e-03
6.989457094228282585e+03 -9.591670216410420835e+03 4.821852283757468646e-03
6.995623294295220148e+03 -9.608601501717930660e+03 4.821852418899963064e-03
7.006743941765484124e+03 -9.639174560277024284e+03 4.821852662627418816e-03
7.020688463294534813e+03 -9.677579682649229653e+03 4.821852968244828667e-03
7.030192553996482275e+03 -9.703799006069311872e+03 4.821853176542843789e-03
7.038515910127314783e+03 -9.726790122516104020e+03 4.821853358963115385e-03
7.049228775708962530e+03 -9.756421679977211170e+03 4.821853593753522120e-03
7.061291583256276681e+03 -9.789841090151458047e+03 4.821853858130218870e-03
7.072872852916817465e+03 -9.821980186723521911e+03 4.821854111953254376e-03
7.082945127654757016e+03 -9.849974504366400652e+03 4.821854332704163248e-03
7.095559192080802859e+03 -9.885089515979052521e+03 4.821854609162738031e-03
7.104338402709790898e+03 -9.909565943595953286e+03 4.821854801574034996e-03
7.115501628098587389e+03 -9.940732710744487122e+03 4.821855046235099841e-03
7.126326835961073812e+03 -9.971002496566507034e+03 4.821855283487980377e-03
7.136369599185784864e+03 -9.999125533210462891e+03 4.821855503592290156e-03
7.145116690664555790e+03 -1.002365253301395569e+04 4.821855695299772510e-03
7.154216830454702176e+03 -1.004920137453591451e+04 4.821855894744941223e-03
7.166900398436562682e+03 -1.008486501649604179e+04 4.821856172727134043e-03
7.178016891016751288e+03 -1.011617430394690018e+04 4.821856416364224580e-03
7.188067341379964091e+03 -1.014452288212487474e+04 4.821856636637201522e-03
7.198178518448416980e+03 -1.017308277321571950e+04 4.821856858241146786e-03
7.208200297289057744e+03 -1.020142976634961087e+04 4.821857077885811221e-03
7.217089601564266559e+03 -1.022660651659243740e+04 4.821857272710362678e-03
7.226662975789760821e+03 -1.025375542840920389e+04 4.821857482527528924e-03
7.239340938143649510e+03 -1.028976395807694644e+04 4.821857760387199959e-03
7.248538706964848643e+03 -1.031592738753533922e+04 4.821857961972392942e-03
7.255856274374798886e+03 -1.033676623532082886e+04 4.821858122349705934e-03
7.269587538180507181e+03 -1.037592664931144100e+04 4.821858423294466366e-03
7.283871176244531853e+03 -1.041674095445196144e+04 4.821858736345551420e-03
7.294564448793581505e+03 -1.044734852848341689e+04 4.821858970707501406e-03
7.303492929382769034e+03 -1.047293909970321693e+04 4.821859166390950885e-03
7.311921883865561540e+03 -1.049712666786799673e+04 4.821859351126429535e-03
7.323810307832804938e+03 -1.053128888835199177e+04 4.821859611682357931e-03
7.337193268192648247e+03 -1.056981216711283196e+04 4.821859904993767813e-03
7.344187711952082282e+03 -1.058997388070274610e+04 4.821860058289485079e-03
7.351154460596022545e+03 -1.061007485915324651e+04 4.821860210978232142e-03
7.359786913832358550e+03 -1.063500829039548989e+04 4.821860400173898220e-03
7.367993590629183018e+03 -1.065873906883061863e+04 4.821860580037934212e-03
7.379162960164996548e+03 -1.069107938812812790e+04 4.821860824834735965e-03
7.389434640215122272e+03 -1.072086373579222709e+04 4.821861049957098556e-03
7.399650785250165427e+03 -1.075052814612281509e+04 4.821861273862349667e-03
7.409681490910927096e+03 -1.077969397431879770e+04 4.821861493703399545e-03
7.421509970666796107e+03 -1.081413787484052591e+04 4.821861752945966195e-03
7.430715891352480867e+03 -1.084098304275248665e+04 4.821861954710435043e-03
7.440168719765020796e+03 -1.086858284244372044e+04 4.821862161886365968e-03
7.453544024998668647e+03 -1.090769520298345014e+04 4.821862455030568456e-03
7.464383236487805334e+03 -1.093944299491122365e+04 4.821862692591700680e-03
7.472565473652168293e+03 -1.096343913036107551e+04 4.821862871920411416e-03
7.481727761654819005e+03 -1.099034067306783982e+04 4.821863072728761399e-03
7.491273513341830039e+03 -1.101840317220194265e+04 4.821863281941453708e-03
7.498480952407382574e+03 -1.103961523237230722e+04 4.821863439905748998e-03
7.510429343813762898e+03 -1.107482522671634797e+04 4.821863701776784271e-03
7.518553701240074588e+03 -1.109879842440714128e+04 4.821863879837092956e-03
7.528382665405997614e+03 -1.112783618951216340e+04 4.821864095257039594e-03
7.538704369113595021e+03 -1.115837049428955652e+04 4.821864321476323351e-03
7.548549035782470128e+03 -1.118753257821081206e+04 4.821864537240492903e-03
7.556720065563969001e+03 -1.121176588099915534e+04 4.821864716323825267e-03
7.567497595829437159e+03 -1.124376953177852556e+04 4.821864952533505555e-03
7.577044958444203075e+03 -1.127215832486108411e+04 4.821865161781803931e-03
7.587137430451212822e+03 -1.130220690151909366e+04 4.821865382977228755e-03
7.597779902507387305e+03 -1.133393633377854712e+04 4.821865616226974662e-03
7.607865482591410910e+03 -1.136404649573669303e+04 4.821865837271427369e-03
7.619197444685511982e+03 -1.139792534175503533e+04 4.821866085632728512e-03
7.627914783825615814e+03 -1.142402163908409420e+04 4.821866276689673950e-03
7.640028664164986367e+03 -1.146033539523195941e+04 4.821866542188277954e-03
7.650650452439276705e+03 -1.149222372440854087e+04 4.821866774984905415e-03
7.660124726837399066e+03 -1.152070441342948470e+04 4.821866982631626414e-03
7.668850107704862239e+03 -1.154696502626175061e+04 4.821867173864951596e-03
7.681055942222717931e+03 -1.158375085562292952e+04 4.821867441379088307e-03
7.689560819220389931e+03 -1.160941735745582264e+04 4.821867627779715011e-03
7.700609084629090830e+03 -1.164280185666284524e+04 4.821867869923599816e-03
7.708793957810895336e+03 -1.166756496281304862e+04 4.821868049310790681e-03
7.717944429438383850e+03 -1.169528060501615983e+04 4.821868249860951361e-03
7.727326915510162507e+03 -1.172373313068528660e+04 4.821868455496187630e-03
7.737570832412890923e+03 -1.175483743188378867e+04 4.821868680011373587e-03
7.744771089460599796e+03 -1.177672472287667915e+04 4.821868837818908855e-03
7.753325609900321979e+03 -1.180275515534158330e+04 4.821869025307767495e-03
7.763694563696408295e+03 -1.183434522740717512e+04 4.821869252563477405e-03
7.777228084961470813e+03 -1.187563998863333836e+04 4.821869549176872709e-03
7.787963960515783583e+03 -1.190844946542056277e+04 4.821869784474477026e-03
7.799129932148767693e+03 -1.194262135725875851e+04 4.821870029198519272e-03
7.807349908767038869e+03 -1.196780873117095325e+04 4.821870209355366178e-03
7.813908525938278217e+03 -1.198792445443687029e+04 4.821870353100290996e-03
7.827240004178068375e+03 -1.202886506364739034e+04 4.821870645285765596e-03
7.837370656493035312e+03 -1.206002269001619425e+04 4.821870867318910070e-03
7.846996766286462844e+03 -1.208966589599149302e+04 4.821871078294047604e-03
7.853907313529384737e+03 -1.211096907682658639e+04 4.821871229752310202e-03
7.862911243284788725e+03 -1.213875367296568584e+04 4.821871427091201957e-03
7.874147717928302882e+03 -1.217347217665810604e+04 4.821871673360762257e-03
7.885026825257075870e+03 -1.220713372429891024e+04 4.821871911797955858e-03
7.894279172856475270e+03 -1.223579841029131785e+04 4.821872114581520971e-03
7.906936522819383754e+03 -1.227506657828344032e+04 4.821872391992523127e-03
7.914960608461795346e+03 -1.229999308769765776e+04 4.821872567856351835e-03
7.925036716470516694e+03 -1.233132993264589459e+04 4.821872788694372448e-03
7.936087354502615199e+03 -1.236574341864616144e+04 4.821873030891207085e-03
7.945163850067272506e+03 -1.239404497175419237e+04 4.821873229820794297e-03
7.957193560974523280e+03 -1.243160483933170326e+04 4.821873493476059452e-03
7.967548495029625883e+03 -1.246398113035247661e+04 4.821873720425270612e-03
7.977559851932648598e+03 -1.249532320717989933e+04 4.821873939844334260e-03
7.987029124644497642e+03 -1.252500442513846792e+04 4.821874147382563050e-03
7.999006571145150701e+03 -1.256259789115574677e+04 4.821874409892533409e-03
8.007055569586240381e+03 -1.258789283354126383e+04 4.821874586302645621e-03
8.017073962667232081e+03 -1.261941237322753295e+04 4.821874805876065831e-03
8.026607131337987084e+03 -1.264944191120448522e+04 4.821875014814842701e-03
8.037368795444628631e+03 -1.268338409879361279e+04 4.821875250678633873e-03
8.048734107212675553e+03 -1.271927956085710321e+04 4.821875499772639712e-03
8.058123763605473869e+03 -1.274897350419487339e+04 4.821875705566160825e-03
8.070601012979213010e+03 -1.278848525191715453e+04 4.821875979030646256e-03
8.081852071799783516e+03 -1.282416643418837339e+04 4.821876225620701922e-03
8.090445920437521636e+03 -1.285145412501879036e+04 4.821876413972571614e-03
8.105297452286625230e+03 -1.289867994298401754e+04 4.821876739474503445e-03
8.117185238751100769e+03 -1.293654387114511337e+04 4.821877000019905539e-03
8.128678443772648279e+03 -1.297320377401483711e+04 4.821877251917288700e-03
8.137186599268451573e+03 -1.300037566940300167e+04 4.821877438391162368e-03
8.147177637367797615e+03 -1.303231963110447396e+04 4.821877657365517510e-03
8.156260140486114324e+03 -1.306139278164482675e+04 4.821877856427471930e-03
8.167738326276334192e+03 -1.309818086374725681e+04 4.821878107995842232e-03
8.173231897782643500e+03 -1.311580630398821086e+04 4.821878228398929905e-03
8.189007200204711808e+03 -1.316648527395736892e+04 4.821878574147678113e-03
8.196775900223867211e+03 -1.319147853391477838e+04 4.821878744415021741e-03
8.208230754976859316e+03 -1.322837402960867621e+04 4.821878995472212402e-03
8.220405201122559447e+03 -1.326764377360814251e+04 4.821879262300811549e-03
8.231608068052373710e+03 -1.330383102357736789e+04 4.821879507835255887e-03
8.244290152439327358e+03 -1.334485588199459016e+04 4.821879785789923850e-03
8.252648916020452816e+03 -1.337192990297335200e+04 4.821879968989917220e-03
8.263396401420355687e+03 -1.340678130739834160e+04 4.821880204543840809e-03
8.272929622045110591e+03 -1.343773311534896493e+04 4.821880413484613478e-03
8.283594405198384266e+03 -1.347240109596750699e+04 4.821880647226021652e-03
8.293164362126852211e+03 -1.350354814825113863e+04 4.821880856972018264e-03
8.300697402686439091e+03 -1.352809100572485477e+04 4.821881022074677239e-03
8.309139794353559410e+03 -1.355562303521437570e+04 4.821881207107730355e-03
8.321175754872343532e+03 -1.359492267730529420e+04 4.821881470901567823e-03
8.331766957105193796e+03 -1.362955196826369502e+04 4.821881703030481137e-03
8.343630050171159382e+03 -1.366839216963853687e+04 4.821881963035656513e-03
8.351687366657248276e+03 -1.369480363244656473e+04 4.821882139629089965e-03
8.360673427189578433e+03 -1.372428953967173584e+04 4.821882336577976852e-03
8.370639312305866042e+03 -1.375702762244618498e+04 4.821882555001865203e-03
8.378894615842247731e+03 -1.378417595292557962e+04 4.821882735934692951e-03
8.391208150852282415e+03 -1.382471988110337406e+04 4.821883005812484940e-03
8.400173811229424246e+03 -1.385427795164287090e+04 4.821883202314388231e-03
8.412418712115508242e+03 -1.389469804490217939e+04 4.821883470688009300e-03
8.420577571326643010e+03 -1.392166290804161690e+04 4.821883649507175372e-03
8.430635606089943394e+03 -1.395494048179825768e+04 4.821883869950942779e-03
8.441771573509704467e+03 -1.399183079590438865e+04 4.821884114019997676e-03
8.448759216201735398e+03 -1.401500374655588530e+04 4.821884267169477753e-03
8.457191874055937660e+03 -1.404299429689999670e+04 4.821884451989649940e-03
8.468278345267821351e+03 -1.407983614689437672e+04 4.821884694973995258e-03
8.477681954667625178e+03 -1.411112344905850478e+04 4.821884901074765389e-03
8.485437246037221485e+03 -1.413695266296272166e+04 4.821885071049049169e-03
8.496879756977499710e+03 -1.417510539399809204e+04 4.821885321836904929e-03
8.504359209971353266e+03 -1.420007189947064035e+04 4.821885485765634027e-03
8.515027460001334475e+03 -1.423572066067135893e+04 4.821885719583928614e-03
8.527995173283383338e+03 -1.427911343067535199e+04 4.821886003800100913e-03
8.535477475808296731e+03 -1.430418087338330224e+04 4.821886167791367660e-03
8.543082968594148042e+03 -1.432968356223427691e+04 4.821886334482645628e-03
8.552017769024623703e+03 -1.435967269262764603e+04 4.821886530308679836e-03
8.563077264395466045e+03 -1.439683665208867751e+04 4.821886772702174868e-03
8.573367437548942689e+03 -1.443145854093600065e+04 4.821886998234296492e-03
8.585000300008468912e+03 -1.447064805849222466e+04 4.821887253194500483e-03
8.594923615566072840e+03 -1.450412034585024230e+04 4.821887470686199613e-03
8.606530826438505756e+03 -1.454332163914223202e+04 4.821887725084282074e-03
8.614462517700674653e+03 -1.457013994585722685e+04 4.821887898925129173e-03
8.623971104750036830e+03 -1.460232254654983990e+04 4.821888107327224234e-03
8.632441796743012674e+03 -1.463102220778819174e+04 4.821888292981540806e-03
8.642137713566940874e+03 -1.466390765227843076e+04 4.821888505489453115e-03
8.654943599756094045e+03 -1.470739769311621785e+04 4.821888786159420417e-03
8.664509742854299475e+03 -1.473992726939613931e+04 4.821888995823126953e-03
8.672183149066435362e+03 -1.476604658526484855e+04 4.821889164003239150e-03
8.679970850034238538e+03 -1.479257858686032705e+04 4.821889334688403070e-03
8.692761824892770164e+03 -1.483620797594776377e+04 4.821889615031730615e-03
8.705076420883351602e+03 -1.487827316155890003e+04 4.821889884934188637e-03
8.715151071511898408e+03 -1.491273124873987399e+04 4.821890105743176919e-03
8.727022617265145527e+03 -1.495338636715896428e+04 4.821890365935273953e-03
8.737336375436594608e+03 -1.498875163453049026e+04 4.821890591984932112e-03
8.746616428422781610e+03 -1.502060808876994997e+04 4.821890795378604676e-03
8.760524406293459833e+03 -1.506841454670648091e+04 4.821891100203938053e-03
8.772843131426265245e+03 -1.511082163491519168e+04 4.821891370197201043e-03
8.782009670941590230e+03 -1.514241602371330373e+04 4.821891571103083252e-03
8.797521088757735924e+03 -1.519595451481291093e+04 4.821891911071696409e-03
8.809722453432712427e+03 -1.523813456869684160e+04 4.821892178492898778e-03
8.819111925694160163e+03 -1.527063372856937349e+04 4.821892384284993949e-03
8.829064115660386960e+03 -1.530511837967787869e+04 4.821892602410390166e-03
8.837873751647235622e+03 -1.533567649712786078e+04 4.821892795494088502e-03
8.848302842236602373e+03 -1.537189143535215408e+04 4.821893024071944797e-03
8.859038383306884498e+03 -1.540921513151843101e+04 4.821893259366418806e-03
8.867401758614536448e+03 -1.543832300427602604e+04 4.821893442669365412e-03
8.879479304968053839e+03 -1.548040614109486341e+04 4.821893707377108984e-03
8.889168791471485747e+03 -1.551420970573090017e+04 4.821893919744961454e-03
8.896452853340491856e+03 -1.553964577652513981e+04 4.821894079392306277e-03
8.904579720499807081e+03 -1.556804952824022621e+04 4.821894257511733471e-03
8.915153262147439818e+03 -1.560504333501448855e+04 4.821894489255828739e-03
8.926497328477957126e+03 -1.564478180494043045e+04 4.821894737887835215e-03
8.936485582682216773e+03 -1.567981267460854724e+04 4.821894956804055436e-03
8.945482166632320514e+03 -1.571139908671611920e+04 4.821895153985507158e-03
8.958857632729699617e+03 -1.575841821661451831e+04 4.821895447140589833e-03
8.971966609852755937e+03 -1.580456871673814021e+04 4.821895734454998209e-03
8.984555454569521316e+03 -1.584895159371080808e+04 4.821896010369526413e-03
8.994831315664165231e+03 -1.588522601175354794e+04 4.821896235589550467e-03
9.004774363556225580e+03 -1.592036505024880171e+04 4.821896453515214960e-03
9.014668713739532905e+03 -1.595537052667932585e+04 4.821896670373589100e-03
9.026461736679932073e+03 -1.599714358201017603e+04 4.821896928845969751e-03
9.038555169687884700e+03 -1.604003746160888113e+04 4.821897193902608715e-03
9.046534540938884675e+03 -1.606837073084316216e+04 4.821897368789730860e-03
9.056011040303164918e+03 -1.610205250349245034e+04 4.821897576490047008e-03
9.063136986370063823e+03 -1.612740306913037784e+04 4.821897732672346740e-03
9.073048121165138582e+03 -1.616269510198035277e+04 4.821897949898806650e-03
9.086298595827236568e+03 -1.620993826962076128e+04 4.821898240315022899e-03
9.098720322015087731e+03 -1.625428923323052004e+04 4.821898512567268820e-03
9.110345625582323919e+03 -1.629585150936618447e+04 4.821898767364033236e-03
9.117030595627540606e+03 -1.631977535412297584e+04 4.821898913881411328e-03
9.128303886483095994e+03 -1.636015940619399771e+04 4.821899160963036453e-03
9.136519435658896327e+03 -1.638962121628574096e+04 4.821899341026835394e-03
9.144059657268249794e+03 -1.641668455756735057e+04 4.821899506289205155e-03
9.152994163586135983e+03 -1.644878116103354841e+04 4.821899702110755970e-03
9.161785251945546406e+03 -1.648039314035559073e+04 4.821899894788979173e-03
9.174795911545368654e+03 -1.652723401876282878e+04 4.821900179949489829e-03
9.180674700148181728e+03 -1.654842059194925241e+04 4.821900308797577410e-03
9.193557836697118546e+03 -1.659489760093856603e+04 4.821900591163196144e-03
9.202808684576904852e+03 -1.662831102203344926e+04 4.821900793918312660e-03
9.212139854461782306e+03 -1.666204860417055897e+04 4.821900998433916764e-03
9.220573888745035219e+03 -1.669257194007514045e+04 4.821901183286608078e-03
9.228169317239144220e+03 -1.672008420943748206e+04 4.821901349759205070e-03
9.235596490444553638e+03 -1.674700892902328633e+04 4.821901512544090468e-03
9.246443991854135675e+03 -1.678637181980302557e+04 4.821901750293972749e-03
9.260424102223858426e+03 -1.683717031872365624e+04 4.821902056702807686e-03
9.267187827502528307e+03 -1.686177471780683845e+04 4.821902204946669317e-03
9.276744715539134631e+03 -1.689657042652834207e+04 4.821902414409668346e-03
9.289803558773564873e+03 -1.694417440288234502e+04 4.821902700626788663e-03
9.303481890929058864e+03 -1.699410843474324793e+04 4.821903000421620851e-03
9.312599642836838029e+03 -1.702743445060914382e+04 4.821903200259978518e-03
9.320628261396461312e+03 -1.705680663683451712e+04 4.821903376227275675e-03
9.330354046444181222e+03 -1.709242170074139722e+04 4.821903589392264808e-03
9.343669787166569222e+03 -1.714124314151122235e+04 4.821903881240196046e-03
9.353305569514195668e+03 -1.717661563591682352e+04 4.821904092432628512e-03
9.364180240939687792e+03 -1.721657982551841997e+04 4.821904330778475911e-03
9.375406334305329437e+03 -1.725788419594173320e+04 4.821904576826667281e-03
9.383752740398735114e+03 -1.728862535435473546e+04 4.821904759759267772e-03
9.391352820494314074e+03 -1.731664146924158558e+04 4.821904926334268961e-03
9.400151573884919344e+03 -1.734910457330988720e+04 4.821905119181256472e-03
9.409526950618133924e+03 -1.738372859058436006e+04 4.821905324666438293e-03
9.418487435009988985e+03 -1.741685263501130976e+04 4.821905521058230878e-03
9.430010017987502579e+03 -1.745949427815503441e+04 4.821905773604969608e-03
9.439738739243721284e+03 -1.749553796671098098e+04 4.821905986834700356e-03
9.448301627518078021e+03 -1.752729314346215688e+04 4.821906174512257011e-03
9.458367758526683247e+03 -1.756465986189432442e+04 4.821906395137250112e-03
9.468143278373723660e+03 -1.760098587846150622e+04 4.821906609392793107e-03
9.474497051266032940e+03 -1.762461673955549486e+04 4.821906748652010112e-03
9.483781993974247598e+03 -1.765917767536011524e+04 4.821906952155351894e-03
9.490927539792090101e+03 -1.768579827896319330e+04 4.821907108768343567e-03
9.497983372986704126e+03 -1.771210433315718547e+04 4.821907263415070415e-03
9.505533326626400594e+03 -1.774027425350504927e+04 4.821907428891738373e-03
9.516281165832002443e+03 -1.778041453851037659e+04 4.821907664458334984e-03
9.525152085346662716e+03 -1.781357920441660099e+04 4.821907858887432806e-03
9.535572249963905051e+03 -1.785257531846291386e+04 4.821908087272269890e-03
9.544311390620547172e+03 -1.788531329263933003e+04 4.821908278813154605e-03
9.551160944197743447e+03 -1.791099358862265944e+04 4.821908428938865947e-03
9.561546310257654113e+03 -1.794996546990587376e+04 4.821908656561102978e-03
9.567354397059514667e+03 -1.797177922612172551e+04 4.821908783860408623e-03
9.575382966896959260e+03 -1.800195438620285131e+04 4.821908959827386591e-03
9.583869001113229388e+03 -1.803387642941088416e+04 4.821909145820910125e-03
9.593442884931959270e+03 -1.806992460066103376e+04 4.821909355657521754e-03
9.602749368077520558e+03 -1.810500043714419007e+04 4.821909559633382261e-03
9.612099054372905812e+03 -1.814027335233986378e+04 4.821909764556184079e-03
9.624496762018519803e+03 -1.818709826369304210e+04 4.821910036284387385e-03
9.635394363199731742e+03 -1.822830726492684335e+04 4.821910275133877918e-03
9.645700015666247054e+03 -1.826732072998420335e+04 4.821910501009300451e-03
9.655252998531626872e+03 -1.830352210807031952e+04 4.821910710388029216e-03
9.665533961474235184e+03 -1.834252222939976491e+04 4.821910935722391496e-03
9.674599025405699649e+03 -1.837694435460143723e+04 4.821911134407157185e-03
9.684481010960806088e+03 -1.841450527979177423e+04 4.821911350996949293e-03
9.690573911396066251e+03 -1.843768319514929317e+04 4.821911484538959208e-03
9.696912371997284936e+03 -1.846181071355240420e+04 4.821911623463083149e-03
9.708705079894187293e+03 -1.850674194882740267e+04 4.821911881931497355e-03
9.716255160436023289e+03 -1.853553708093822934e+04 4.821912047411527208e-03
9.725730779911584250e+03 -1.857170767061761580e+04 4.821912255094876892e-03
9.739426017313664488e+03 -1.862404780364013277e+04 4.821912555262410950e-03
9.750647255829195274e+03 -1.866698776165139861e+04 4.821912801205733949e-03
9.760913680034138451e+03 -1.870631727495929226e+04 4.821913026221798758e-03
9.770169127795687018e+03 -1.874180932699819095e+04 4.821913229079652537e-03
9.778308123637989411e+03 -1.877304789441986941e+04 4.821913407467505637e-03
9.787841906424326226e+03 -1.880967292411951348e+04 4.821913616425874474e-03
9.796685492265924040e+03 -1.884367839890182950e+04 4.821913810256760712e-03
9.806925925852276123e+03 -1.888309342145221308e+04 4.821914034703344426e-03
9.816864988766303213e+03 -1.892138785956194624e+04 4.821914252544617224e-03
9.824023130496432714e+03 -1.894899165302049369e+04 4.821914409434550561e-03
9.834987242261508072e+03 -1.899131134087219834e+04 4.821914649742594858e-03
9.847363181096390690e+03 -1.903913716524839401e+04 4.821914920994685959e-03
9.855818135967159833e+03 -1.907184524164767936e+04 4.821915106307864823e-03
9.866175320675791227e+03 -1.911195036745048128e+04 4.821915333313586335e-03
9.875018697693045397e+03 -1.914622705992660485e+04 4.821915527140147907e-03
9.884343338741769912e+03 -1.918240238092839718e+04 4.821915731514945375e-03
9.896755390061887738e+03 -1.923060840623220429e+04 4.821916003558761668e-03
9.908627706822629989e+03 -1.927677481306018308e+04 4.821916263772881885e-03
9.918947043740558001e+03 -1.931694730233284645e+04 4.821916489949265930e-03
9.931485809942685592e+03 -1.936581615408067591e+04 4.821916764770541042e-03
9.942438082682238019e+03 -1.940855228741420433e+04 4.821917004819531276e-03
9.948822318078267926e+03 -1.943348551772651263e+04 4.821917144747517141e-03
9.958949106835685598e+03 -1.947306788340210915e+04 4.821917366703832447e-03
9.967406746612310599e+03 -1.950615694244625047e+04 4.821917552076203546e-03
9.978121549545048765e+03 -1.954811709741479717e+04 4.821917786920533293e-03
9.989367556764702385e+03 -1.959220598772517405e+04 4.821918033407708581e-03
